A=   [7     3     1   NaN   NaN   NaN   NaN   NaN
     7     1     8     3     4     5     6     2
     6     3     7     1     5   NaN   NaN   NaN];
V_r = [0.7732    0.8704    0.0080];
N_a = [3     8     5];
